22
28
24
23
26
23
28
27
29
24
23
23
22
20
31
21
25
33
29
29
33
29
32
22
25
29
24
25
23
26
25
25
26
22
25
30
29
21
32
30
27
26
27
24
25
29
22
24
34
29
31
31
31
22
31
33
32
32
32
28
22
28
33
20
21
27
28
24
23
28
33
29
26
26
34
31
31
28
35
21
32
32
29
24
21
26
27
22
25
35
25
31
35
28
23
24
21
32
38
24
29
22
22
25
20
26
24
23
25
33
30
22
25
24
26
19
26
29
25
33
35
26
33
24
26
35
21
24
30
21
34
25
23
30
33
36
25
25
31
19
22
24
32
26
21
24
29
22
28
21
22
23
23
28
23
21
29
25
36
27
27
29
22
28
26
30
27
24
22
22
29
27
25
24
20
27
27
19
28
25
23
35
29
20
31
30
24
23
28
26
23
36
24
22
27
26
25
27
27
21
27
32
26
23
20
24
20
29
33
23
23