10.2
3.4
14.8
5
8.3
8
6
31.7
0.6
17.3
17.9
18.8
1.8
12.8
13.8
0.7
8.5
11
3
2.8
2.9
14.3
18
2
23.3
11.2
5
13.3
0
14.6
14
23.1
1.2
4
21.6
10.6
3.2
0
27.4
0
2
2.1
6.3
1.8
12.3
17.5
10.5
9.4
9.2
9.5
10.6
2.2
9.4
2.3
14.5
27.4
3.8
20.8
1.5
14.2
4
3.8
26.3
25.2
0
23.6
11.7
0.9
0
4
10.2
12
13.8
4
8.6
8
4
1.4
3.8
1.4
4
18.6
16.9
0.7
5.8
2.3
2
12.6
1.1
1
3.5
19.1
12
4.3
9.2
21.2
9.2
1.5
1.6
27
21.3
15.4
0.7
10.8
0
31
3.8
10.7
9.2
3.3
8.7
11
1.1
3.1
0.8
5.2
19.3
2
5.8
10.6
7.8
1.3
1.3
3
4.5
6.2
20.8
1
22.2
9.3
6.8
6.2
5.6
14.5
6.3
0
5
25.5
2
3.2
27.1
0.1
0
14
5.2
0.3
9.2
0.8
4.8
1.5
6
1.9
0.5
6.2
0
5.2
10.6
2
17.5
4.2
2
6.5
17
5.4
10.6
3.2
6
4.8
3.7
4.8
4.2
5.6
12
4.3
0
22.8
15.4
1.2
1
10.9
25.6
0
4.3
0
19
0.8
3
4.4
0.8
21.8
15.3
7.9
0.3
5.5
13.8
0.7
8
1.9
1
8.4
8.5
1.8
16.5
8.6
11.8
7.7
6.9
8.2
3.3
15.4
2.8